# id	file_path	transparent_color_r	g	b
[TEXTURES]
0	textures\mario.png	255	255	255
20	textures\misc.png	176	224	248
10	textures\enemies.png	3	26	110
30	textures\Stage.png	127	255	142
40	textures\Stage.png	255	127	127
50	textures\Stage2.png	4	193	170

# id	left	top	right	bottom	texture_id
[SPRITES]
# BIG MARIO 
# idle right
10001	246	154	260	181	0
# walk
10002	275	154	290	181	0		
10003	304	154	321	181	0
# idle left
10011	186	154	200	181	0
#walk
10012	155	154	170	181	0
10013	125	154	140	181	0
# die 
10099	215	120	231	135	0
# SMALL MARIO
# idle small right
10021	247	0	259	15	0
# walk
10022	275	0	291	15	0
10023	306	0	320	15	0
# idle small left
10031	187	0	198	15	0
# walk
10032	155	0	170	15	0
10033	125	0	139	15	0
#BRICK
20001	408	225	424	241	20
#GOOMBA
30001	5	14	21	29	10
30002	25	14	41	29	10
#die
30003	45	21	61	29	10
#STREET
#start small
1	443	154	459	170	30
#between small
2	460	154	476	170	30
#end small
3	477	154	493	170	30
#startdown
4	443	171	459	187	30
#betwendown
5	460	171	476	187	30
#enddowm
6	477	171	493	187	30
#brick blink
500	1038	1	1054	17	40
501	1055	1	1071	17	40
502	1072	1	1088	17	40
503	1089	1	1105	17	40
#brick with question mark animation
40000	1140	1	1156	17	40
40001	1157	1	1173	17	40
40002	1174	1	1190	17	40
40003	1191	1	1207	17	40
40004	1208	1	1224	17	40
#pipe
20	171	69	187	85	50
21	188	69	204	85	50
22	172	86	187	102	50	
23	188	86	203	102	50
#boxpink
24	52	1	68	17	50
25	69	1	85	17	50
26	86	1	102	17	50
27	52	18	68	34	50
28	69	18	85	34	50
29	86	18	102	34	50
30	52	35	68	51	50
31	69	35	85	51	50
32	86	35	102	51	50						
# ani_id	sprite1_id	time1	sprite2_id	time2	...
[ANIMATIONS]
# ==== MARIO =========
#idle BIG right
400	10001	100
#idle BIG left
401	10011	100
#idle small right
402	10021	100
#idle small left
403	10031	100
#walk right big
500	10001	100	10002	100	10003	100
#walk left big
501	10011	100	10012	100	10013	100
#walk right small
502	10021	100	10022	100	10023	100
#walk left small
503	10031	100	10032	100	10033	100
#die
599	10099	100
# ==== BRICK =========
601	20001	100
# ==== QUESTION MARK BRICK =========
602	40000	100	40001	100	40002	100	40003	100	40004	100
#======BRICKBLINK======

603	500	100	501	100	502	100	503	100

# ==== GOOMBA  =========
# walk
701	30001	100	30002	100
# die
702	30003	100
#====STREET=============
#start small
1	1	100
#between small
2	2	100
#end small
3	3	100
#startdown
4	4	100
#betwendown
5	5	100
#enddowm
6	6	100

#=====PIPE==============
#leftop
20	20	100
#righttop
21	21	100
#leftbot
22	22	100
#rightbot
23	23	100
#========boxpink=========
24	24	100
25	25	100
26	26	100
27	27	100
28	28	100
29	29	100
30	30	100
31	31	100
32	32	100

#
# id	ani1	ani2	ani3
#
[ANIMATION_SETS]
# MARIO
1	400	401	402	403	500	501	502	503	599
# BRICK 
2	601
# QUESTION MARK BRICK 
22	602
#BRICKBLINK
23	603
# GOOMBA
3	701	702
#STREET
#Startsmall
41	1
#betweem small
42	2	
#end small
43	3
#startdown
44	4	
#betwendown
45	5	
#enddowm
46	6	

#PIPE
#leftop
30	20	
#righttop
31	21
#leftbot
32	22	
#rightbot
33	23	
#boxpink
340	24
350	25
360	26
370	27
380	28
390	29
400	30
410	31
420	32


[OBJECTS]
# type	x	y	ani_set_id	extra_settings per object type
# type: 0 = Mario , 1 = Brick, 2 = Goomba,3=Koopas,4=Street,5=Pipe
# MARIO
0	33	400	1
#STREET
#StreetSmall1
4	17	432	41
4	33	432	42
4	49	432	42
4	65	432	42
4	81	432	42
4	97	432	42
4	113	432	42
4	129	432	42
4	145	432	42
4	161	432	42
4	177	432	42
4	193	432	42
4	209	432	42
4	225	432	42
4	241	432	42
4	257	432	42
4	273	432	42
4	289	432	42
4	305	432	42
4	321	432	42
4	337	432	42
4	353	432	42
4	369	432	42
4	385	432	42
4	401	432	42
4	417	432	42
4	433	432	42
4	449	432	42
4	465	432	42
4	481	432	42
4	497	432	42
4	513	432	42
4	529	432	42
4	545	432	42
4	561	432	42
4	577	432	42
4	593	432	42
4	609	432	42
4	625	432	43
#StreetBig1
#down
4	641	432	44
4	657	432	45
4	673	432	45
4	689	432	45
4	705	432	45
4	721	432	45
4	737	432	45
4	753	432	45
4	769	432	45
4	785	432	45
4	801	432	45
4	817	432	45
4	833	432	45
4	849	432	45
4	865	432	45
4	881	432	45
4	897	432	45
4	913	432	45
4	929	432	45
4	945	432	45
4	961	432	45
4	977	432	45
4	993	432	45
4	1009	432	45
4	1025	432	45
4	1041	432	45
4	1057	432	45
4	1073	432	45
4	1089	432	46
#up
4	641	416	41
4	657	416	42
4	673	416	42
4	689	416	42
4	705	416	42
4	721	416	42
4	737	416	42
4	753	416	42
4	769	416	42
4	785	416	42
4	801	416	42
4	817	416	42
4	833	416	42
4	849	416	42
4	865	416	42
4	881	416	42
4	897	416	42
4	913	416	42
4	929	416	42
4	945	416	42
4	961	416	42
4	977	416	42
4	993	416	42
4	1009	416	42
4	1025	416	42
4	1041	416	42
4	1057	416	42
4	1073	416	42
4	1089	416	43
#Streetsmall2
4	1168	432	41
4	1184	432	42
4	1200	432	42
4	1216	432	42
4	1232	432	42
4	1248	432	42
4	1264	432	42
4	1280	432	42
4	1296	432	42
4	1312	432	42
4	1328	432	42
4	1344	432	42
4	1360	432	42
4	1376	432	42
4	1392	432	42
4	1408	432	42
4	1424	432	42
4	1440	432	42
4	1456	432	42
4	1472	432	42
4	1488	432	42
4	1504	432	43
#Streetsmall3
4	1552	432	41
4	1568	432	42
4	1584	432	42
4	1600	432	42
4	1616	432	43
#Streetsmall4
4	1680	432	41
4	1696	432	42
4	1712	432	42
4	1728	432	42
4	1744	432	42
4	1760	432	42
4	1776	432	42
4	1792	432	42
4	1808	432	42
4	1824	432	42
4	1840	432	42
4	1856	432	42
4	1872	432	42
4	1888	432	42
4	1904	432	42
4	1920	432	42
4	1936	432	42
4	1952	432	42
4	1968	432	42
4	1984	432	42
4	2000	432	42
4	2016	432	42
4	2032	432	42
4	2048	432	42
4	2064	432	42
4	2080	432	42
4	2096	432	42
4	2112	432	42
4	2128	432	42
4	2144	432	42
4	2160	432	42
4	2176	432	42
4	2192	432	42
4	2208	432	42
4	2224	432	42
4	2240	432	43
#Streetsmall5
4	2272	432	41
4	2288	432	42
4	2304	432	42
4	2320	432	42
4	2336	432	42
4	2352	432	42
4	2368	432	42
4	2384	432	42
4	2400	432	42
4	2416	432	42
4	2432	432	42
4	2448	432	42
4	2464	432	42
4	2480	432	42
4	2496	432	42
4	2512	432	42
4	2528	432	42
4	2544	432	42
4	2560	432	42
4	2576	432	42
4	2592	432	42
4	2608	432	42
4	2624	432	42
4	2640	432	42
4	2656	432	42
4	2672	432	42
4	2688	432	42
4	2704	432	42
4	2720	432	42
4	2736	432	42
4	2752	432	42
4	2768	432	42
4	2784	432	42
4	2800	432	42
4	2816	432	43
#QUESTION MARK BRICK
1	192	368	22
1	208	368	22

1	240	320	22
1	256	320	22
	
1	432	336	22

1	672	400	22

1	720	368	22

1	1488	384	22
#BRICKBLINK
1	1967	416	23
1	1983	416	23
1	1999	416	23
1	2015	416	23
1	2031	416	23
1	2047	416	23
1	2063	416	23

1	1983	400	23
1	1999	400	23
1	2015	400	23
1	2031	400	23
1	2047	400	23

1	1999	384	23
1	2015	384	23
1	2031	384	23
1	2047	384	23

1	2112	416	23
1	2128	416	23

1	2112	400	23

1	1456	144	23
#PIPE
#PIPE1
1	368	384	30
1	384	384	31
5	369	400	32
5	369	416	32
5	384	400	33
5	384	416	33
#pipe2
1	1808	400	30
1	1824	400	31
5	1809	416	32
5	1824	416	33
#pipe3
1	1872	384	30
5	1873	400	32
5	1873	416	32
1	1888	384	31
5	1888	400	33
5	1888	416	33
#pipe4
1	2272	128	30
1	2288	128	31
5	2273	144	32
5	2273	160	32
5	2273	176	32
5	2273	192	32
5	2273	208	32
5	2273	224	32
5	2273	240	32
5	2273	256	32
5	2273	272	32
5	2273	288	32
5	2273	304	32
5	2288	144	33
5	2288	160	33
5	2288	176	33
5	2288	192	33
5	2288	208	33
5	2288	224	33
5	2288	240	33
5	2288	256	33
5	2288	272	33
5	2288	288	33
5	2288	304	33
#Pipe5
5	2273	400	32
5	2273	416	32
5	2288	400	33
5	2288	416	33
#brick1
1	1520	352	2
1	1536	352	2
#brick2
1	1584	416	2
1	1600	416	2
1	1616	416	2
1	1600	400	2
1	1616	400	2
1	1616	386	2
#brick3
1	1680	416	2
1	1696	416	2
1	1712	416	2
1	1680	400	2
1	1696	400	2
1	1680	386	2
#brick4
1	2272	320	2
1	2288	320	2
1	2272	384	2
1	2288	384	2
#boxpink
1	256	384	340
1	272	384	350
1	288	384	360
1	256	400	370
1	272	400	380
1	288	400	390
1	256	416	400
1	272	416	410
1	288	416	420
	



















